15680 22243
15659 3512
15685 6209
15681 22959
15660 7052
15666 15727
15682 8798
15661 7061
15683 195
15662 15586
15769 2608
15770 19858
15771 13532
15772 22833
15773 24880
15774 25124
15775 20990
15776 13016
15777 23784
15778 23752
15779 23719
15780 26622
15781 24248
15782 19958
15783 21045
15784 18856
15785 4868
15786 21628
15787 20868
15788 24822
15789 20937
15790 21563
15791 23432
15792 25236
15793 26422
15794 27026
15795 24569
15796 21502
15797 12144
15665 9585
15671 124
15672 14088
15673 23063
15674 19894
15803 3061
15804 25134
15805 24251
15806 23519
15807 24793
15808 25419
15809 26539
15810 23589
15811 23409
15812 24921
15813 24378
15814 24986
15815 9397
15816 24604
15817 21696
15818 22654
15819 24955
15820 21314
15821 15447
15822 26975
15823 25916
15824 22347
15825 24835
15826 27655
15827 27406
15828 26822
15829 18267
15664 13709
15670 3538
15675 23583
15684 19369
15667 5136
15669 4667
15677 8196
15663 363
15678 20979
15676 2272
15679 21416
