15664 18929
15665 40045
15666 51511
15667 38249
15668 41795
15669 42176
15670 30731
15671 31092
15672 35150
15673 42965
15674 45538
15675 53133
15676 61134
15677 40703
15678 19717
15679 15209
15680 26143
15681 27812
15682 36486
15683 36594
15684 24347
15685 25651
15686 27814
15687 30461
15688 32181
15689 30415
15690 41871
15691 25719
15692 28087
15693 27661
15694 10931
15695 30146
15696 27671
15697 47624
15698 41478
15699 42981
15700 34152
15701 35754
15702 45832
15703 50766
15704 51943
15705 51968
15706 85624
15707 39745
15708 37689
15709 36628
15710 20221
15711 40039
15712 35987
15713 29734
15714 32971
15715 38452
15716 37998
15717 46277
15718 50316
15719 34356
15720 31404
15721 29502
15722 38259
15723 37514
15724 52536
15725 54054
15726 37805
15727 21792
15728 28131
15729 34497
15730 22699
15731 43935
15732 40365
15733 16935
15734 17754
15735 10631
15739 19452
15740 17014
15741 6482
15742 19195
15743 23067
15744 27763
15745 42397
15746 30662
15747 21972
15748 21271
15749 22909
15750 27606
15751 25845
15752 26727
15753 27343
15754 22737
15755 19861
15756 16929
15757 4074
15758 12154
15759 13699
15760 9775
15761 4955
15762 6713
15763 8663
15764 13292
15765 15649
15766 19455
15767 20460
15768 9415
15769 1783
15770 13219
15771 6619
15772 14827
15773 23633
15774 18424
15775 9558
15776 7593
15777 7474
15778 8315
15779 4237
15780 10806
15781 10110
15782 6713
15783 6972
15784 6778
15785 6876
15786 9728
15787 18980
15788 18290
15789 14074
15790 15977
15791 16731
15792 18370
15793 20193
15794 23449
15795 3812
15798 9098
15799 15594
15800 16427
15801 23671
15802 23076
15803 13017
15804 11728
15805 1539
15806 6861
15807 10697
15808 21500
15809 24476
15810 15202
15811 12866
15812 3206
15814 6291
15815 21752
15816 22525
15817 15655
15818 14595
15819 16455
15820 14950
15821 11177
15822 22985
15823 23033
15824 13820
15825 14921
15826 16422
15827 17566
15828 17129
15829 12510
