376832 296
376833 150
376834 135
376835 206
376836 333
376837 567
376838 921
376839 1305
376840 1654
376841 1999
376842 2255
376843 2505
376844 2600
376845 2754
376846 2590
376847 2570
376848 2853
376849 2918
376850 2913
376851 2796
376852 2561
376853 1962
376854 1281
376855 797
376856 526
376857 349
376858 189
376859 245
376860 559
376861 885
376862 1286
376863 1575
376864 1977
376865 2300
376866 2627
376867 2744
376868 2992
376869 3290
376870 3160
376871 3047
376872 3263
376873 3103
376874 3372
376875 3387
376876 3096
376877 2524
376878 1895
376879 1207
376880 742
376881 428
376882 238
376883 236
376884 323
376885 607
376886 1076
376887 1446
376888 2212
376889 3444
376890 3084
376891 2917
376892 2994
376893 3042
376894 3121
376895 3009
376896 3104
376897 3179
376898 3321
376899 3138
376900 3044
376901 2633
376902 1882
376903 1306
376904 765
376905 449
376906 310
376907 247
376908 391
376909 637
376910 1068
376911 1570
376912 2069
376913 2603
376914 2925
376915 3339
376916 3417
376917 3618
376918 3539
376919 3389
376920 3288
376921 3608
376922 3380
376923 3357
376924 2945
376925 2318
376926 1539
376927 1079
376928 629
376929 442
376930 262
376931 258
376932 440
376933 763
376934 1353
376935 1692
376936 1791
376937 2583
376938 3051
376939 3153
376940 3457
376941 3460
376942 3479
376943 3641
376944 4048
376945 4886
376946 5853
376947 6536
376948 7778
376949 9060
376950 5587
376951 4050
376952 2624
376953 1715
376954 1056
376955 649
376956 513
376957 807
376958 1206
376959 2069
376960 2844
376961 3250
376962 3620
376963 3629
376964 3807
376965 3520
376966 3296
376967 3221
376968 3261
376969 2872
376970 2781
376971 2529
376972 2268
376973 1603
376974 1130
376975 675
376976 375
376977 229
376978 194
376979 246
376980 444
376981 822
376982 1166
376983 1379
376984 1603
376985 1895
376986 2135
376987 2328
376988 2387
376989 2458
376990 2472
376991 2493
376992 2572
376993 2398
376994 2436
376995 2397
376996 2141
376997 1579
376998 971
376999 572
377000 382
377001 253
377002 140
377003 238
377004 557
377005 879
377006 1299
377007 1613
377008 1749
377009 1895
377010 2156
377011 2256
377012 2341
377013 2302
377014 2360
377015 2203
377016 2494
377017 2395
377018 2579
377019 2372
377020 2021
377021 1531
377022 1059
377023 552
377024 301
377025 216
377026 185
377027 225
377028 440
377029 753
377030 1069
377031 1372
377032 1626
377033 1824
377034 2000
377035 2178
377036 2133
377037 2395
377038 2355
377039 2553
377040 2513
377041 2762
377042 2783
377043 2717
377044 2488
377045 1768
377046 1571
377047 1055
377048 662
377049 331
377050 176
377051 168
377052 359
377053 561
377054 304
377063 3
377064 10
377065 177
377066 2275
377067 3157
377068 3014
377069 2543
377070 1962
377071 1310
377072 819
377073 474
377074 215
377075 217
377076 161
377077 2
377078 17
377079 260
377080 1829
377081 2396
377082 2780
377083 3365
377084 3258
377085 3533
377086 3147
377087 3118
377088 2885
377089 2822
377090 2620
377091 2393
377092 1936
377093 1343
377094 808
377095 480
377096 296
377097 223
377098 162
377099 282
377100 563
377101 890
377102 1205
377103 1394
377104 1509
377105 1485
377106 1951
377107 2081
377108 2082
377109 2242
377110 2163
377111 2172
377112 2465
377113 2471
377114 2365
377115 2332
377116 1839
377117 1254
377118 733
377119 487
377120 263
377121 124
377122 82
377124 3
377126 8
377127 57
377128 790
377129 1739
377130 1800
377131 2074
377132 2079
377133 2247
377134 2209
377135 2313
377136 2354
377137 2282
377138 2338
377139 2257
377140 1748
377141 1192
377142 744
377143 363
377144 273
377145 188
377146 131
377147 266
377148 584
377149 862
377150 1186
377151 1359
377152 1465
377153 1741
377154 1932
377155 2113
377156 2059
377157 2188
377158 2096
377159 1250
377160 2031
377161 2415
377162 2443
377163 2311
377164 1895
377165 1358
377166 841
377167 471
377168 292
377169 213
377170 128
377171 258
377172 686
377173 1007
377174 1415
377175 1623
377176 1968
377177 2145
377178 2398
377179 2364
377180 2495
377181 2576
377182 2561
377183 2558
377184 2918
377185 2770
377186 2800
377187 2598
377188 2058
377189 1531
377190 885
377191 608
377192 375
377193 178
377194 143
377195 265
377196 605
377197 904
377198 1289
377199 1535
377200 1590
377201 1894
377202 2083
377203 2019
377204 2250
377205 2230
377206 2282
377207 2188
377208 2675
377209 2694
377210 2936
377211 2921
377212 2719
377213 2268
377214 1528
377215 1023
377216 643
377217 349
377218 171
377219 185
377220 336
377221 613
377222 1074
377223 1468
377224 2094
377225 2394
377226 2722
377227 3021
377228 3195
377229 3390
377230 2992
377231 2866
377232 3142
377233 3223
377234 3244
377235 3330
377236 3230
377237 2717
377238 2185
377239 1558
377240 987
377241 564
377242 314
377243 188
377244 323
377245 606
377246 1021
377247 1468
377248 2012
377249 2519
377250 2839
377251 3071
377252 3074
377253 2928
377254 2983
377255 2790
377256 2778
377257 2664
377258 2547
377259 2319
377260 1907
377261 1158
377262 774
377263 506
377264 310
377265 165
377266 145
377267 252
377268 563
377269 934
377270 1160
377271 1284
377272 1467
377273 1674
377274 1797
377275 1947
377276 1924
377277 2001
377278 1957
377279 2123
377280 2279
377281 2183
377282 2322
377283 2044
377284 1776
377285 1093
377286 711
377287 395
377288 228
377289 137
377290 130
377291 186
377292 525
377293 800
377294 1104
377295 1318
377296 1494
377297 1008
377298 1651
377299 1842
377300 1873
377301 2052
377302 1965
377303 2288
377304 2227
377305 2000
377306 2233
377307 2131
377308 1725
377309 1067
377310 748
377311 394
377312 231
377313 136
377314 142
377315 208
377316 470
377317 525
377318 689
377319 435
377320 651
377321 1759
377322 1888
377323 1906
377324 1962
377325 1956
377326 1931
377327 2088
377328 2308
377329 2402
377330 2453
377331 2256
377332 1928
377333 1300
377334 814
377335 504
377336 287
377337 169
377338 123
377339 260
377340 626
377341 998
377342 1484
377343 1756
377344 1956
377345 2014
377346 2439
377347 2369
377348 2434
377349 2460
377350 2395
377351 2524
377352 2685
377353 1261
377354 1281
377355 2426
377356 2289
377357 1533
377358 1052
377359 634
377360 369
377361 258
377362 179
377363 220
377364 717
377365 978
377366 1345
377367 1557
377368 1787
377369 2034
377370 2242
377371 2317
377372 2422
377373 2589
377374 2652
377375 2687
377376 2784
377377 2907
377378 2944
377379 3175
377380 3015
377381 2386
377382 1725
377383 1195
377384 753
377385 427
377386 244
377387 209
377388 435
377389 733
377390 1059
377391 1636
377392 2143
377393 2788
377394 3062
377395 3418
377396 3867
377397 4140
377398 4038
377399 3453
377400 3255
377401 3176
377402 3247
377403 3260
377404 3218
377405 2665
377406 2075
377407 1473
377408 988
377409 587
377410 315
377411 218
377412 384
377413 707
377414 1149
377415 1692
377416 2169
377417 2778
377418 3275
377419 3621
377420 3456
377421 3698
377422 3427
377423 3221
377424 3131
377425 2904
377426 2571
377427 2505
377428 1525
377429 722
377430 878
377431 696
377432 404
377433 222
377434 162
377435 180
377436 326
377437 318
377438 667
377439 1525
377440 1984
377441 2254
377442 2401
377443 2556
377444 2608
377445 2540
377446 2380
377447 2346
377448 2373
377449 2377
377450 2199
377451 1901
377452 1462
377453 832
377454 703
377455 466
377456 160
377460 2
377464 1
377465 3
377466 223
377467 1747
377468 1837
377469 1817
377470 1846
377471 1843
377472 2075
377473 1484
377474 1535
377475 1856
377476 1795
377477 1051
377478 712
377479 401
377480 234
377481 161
377482 120
377483 274
377484 682
377485 686
377486 684
377487 974
377488 1297
377489 1112
377490 1837
377491 1768
377492 1411
377493 1785
377494 2053
377495 2144
377496 2529
377497 1930
377498 2006
377499 2180
377500 1874
377501 1215
377502 824
377503 513
377504 261
377505 161
377506 124
377507 201
377508 526
377509 676
377510 1052
377511 1691
377512 1774
377513 2062
377514 2181
377515 2237
377516 2043
377517 2279
377518 2224
377519 1934
377520 2504
377521 2339
377522 2275
377523 2368
377524 2068
377525 1474
377526 880
377527 636
377528 309
377529 165
377530 113
377531 255
377532 710
377533 821
377534 1241
377535 1425
377536 1477
377537 241
377540 2
377541 5
377542 102
377543 1289
377544 3293
377545 1587
377546 2600
377547 3133
377548 2649
377549 2017
377550 1609
377551 1144
377552 532
377553 341
377554 201
377555 224
377556 390
377557 568
377558 882
377559 1681
377560 1977
377561 2107
377562 2759
377563 3029
377564 2277
377565 3028
377566 3176
377567 2731
377568 2745
377569 1575
377570 1744
377571 2861
377572 2695
377573 2506
377574 2075
377575 1449
377576 848
377577 491
377578 312
377579 137
377580 220
377581 265
377582 978
377583 1623
377584 2046
377585 2077
377586 2553
377587 2682
377588 2391
377589 2068
377590 2084
377591 1940
377592 2049
377593 1994
377594 1701
377595 1156
377596 692
377597 488
377598 318
377599 177
377600 108
377601 67
377602 62
377603 81
377604 192
377605 311
377606 498
377607 626
377608 598
377609 590
377610 662
377611 620
377612 942
377613 990
377614 1018
377615 995
377616 1144
377617 1152
377618 1244
377619 1166
377620 891
377621 620
377622 418
377623 221
377624 118
377625 63
377626 81
377627 161
377628 332
377629 515
377630 703
377631 770
377632 931
377633 945
377634 932
377635 991
377636 1035
377637 1081
377638 1125
377639 1115
377640 1279
377641 1202
377642 1276
377643 1154
377644 914
377645 664
377646 424
377647 231
377648 162
377649 68
377650 65
377651 135
377652 358
377653 610
377654 717
377655 732
377656 640
377736 1
377737 16
377738 137
377739 1276
377740 1402
377741 1155
377742 893
377743 592
377744 430
377745 257
377746 130
377747 72
377748 129
377749 366
377750 491
377751 769
377752 968
377753 1108
377754 1146
377755 1375
377756 1587
377757 1791
377758 1666
377759 1695
377760 1786
377761 2065
377762 1719
377763 1315
377764 1057
377765 652
377766 367
377767 229
377768 108
377769 80
377770 71
377771 108
377772 288
377773 439
377774 550
377775 603
377776 740
377777 884
377778 934
377779 890
377780 981
377781 949
377782 136
377783 63
377795 1
377799 1
377800 25
377801 309
377802 938
377803 973
377804 995
377805 1026
377806 1080
377807 1134
377808 1193
377809 1309
377810 1293
377811 1261
377812 988
377813 643
377814 365
377815 233
377816 120
377817 83
377818 68
377819 129
377820 352
377821 609
377822 731
377823 800
377824 916
377825 1055
377826 1019
377827 1095
377828 1143
377829 1206
377830 1251
377831 1333
377832 1400
377833 1496
377834 1418
377835 1282
377836 1077
377837 717
377838 451
377839 266
377840 139
377841 72
377842 83
377843 202
377844 371
377845 625
377846 832
377847 1113
377848 1154
377849 1357
377850 1431
377851 1409
377852 1540
377853 1578
377854 1438
377855 1616
377856 1817
377857 1703
377858 1641
377859 1608
377860 1356
377861 902
377862 652
377863 342
377864 229
377865 124
377866 76
377867 127
377868 559
377869 677
377870 846
377871 1010
377872 1195
377873 1320
377874 1380
377875 1706
377876 1975
377877 2349
377878 2268
377879 1901
377880 2082
377881 2122
377882 2242
377883 2102
377884 2447
377885 2073
377886 1465
377887 975
377888 530
377889 315
377890 183
377891 207
377892 543
377893 991
377894 1526
377895 2051
377896 2415
377897 2524
377898 2779
377899 2745
377900 2623
377901 2576
377902 2629
377903 2252
377904 2193
377905 2089
377906 2020
377907 1789
377908 1502
377909 1216
377910 971
377911 631
377912 389
377913 239
377914 164
377915 120
377916 264
377917 442
377918 766
377919 1051
377920 1487
377921 1736
377922 1979
377923 1899
377924 1914
377925 1982
377926 2049
377927 1770
377928 1820
377929 1881
377930 1675
377931 1463
377932 1174
377933 686
377934 457
377935 297
377936 146
377937 95
377938 79
377939 155
377940 332
377941 524
377942 694
377943 870
377944 961
377945 1060
377946 1182
377947 1156
377948 1163
377949 1317
377950 1425
377951 1360
377952 1413
377953 1268
377954 1473
377955 1212
377956 1101
377957 828
377958 489
377959 252
377960 138
377961 91
377962 75
377963 146
377964 405
377965 587
377966 783
377967 914
377968 1109
377969 1180
377970 1178
377971 1316
377972 1327
377973 1274
377974 1327
377975 1385
377976 1541
377977 1629
377978 1611
377979 1525
377980 1217
377981 765
377982 528
377983 316
377984 165
377985 110
377986 76
377987 198
377988 437
377989 645
377990 838
377991 1039
377992 1101
377993 1201
377994 1271
377995 1232
377996 1294
377997 1324
377998 1352
377999 1494
378000 1714
378001 1653
378002 1510
378003 1514
378004 1322
378005 958
378006 531
378007 345
378008 184
378009 107
378010 101
378011 211
378012 616
378013 960
378014 1316
378015 1534
378016 1530
378017 1593
378018 1684
378019 1593
378020 1532
378021 1589
378022 1641
378023 1868
378024 1724
378025 1743
378026 2200
378027 2108
378028 1753
378029 1153
378030 730
378031 429
378032 216
378033 127
378034 65
378035 127
378036 390
378037 681
378038 852
378039 1006
378040 1055
378041 1196
378042 1270
378043 1321
378044 1285
378045 1562
378046 1461
378047 1391
378048 1554
378049 1514
378050 1671
378051 1660
378052 1559
378053 1328
378054 929
378055 602
378056 375
378057 204
378058 128
378059 91
378060 226
378061 435
378062 690
378063 923
378064 1166
378065 1410
378066 1716
378067 1746
378068 1766
378069 1778
378070 1709
378071 1547
378072 1628
378073 1668
378074 1727
378075 1866
378076 1684
378077 1407
378078 1095
378079 784
378080 496
378081 258
378082 154
378083 150
378084 192
378085 332
378086 589
378087 967
378088 1281
378089 1408
378090 1632
378091 1531
378092 1450
378093 1808
378094 1760
378095 1476
378096 1520
378097 1510
378098 1492
378099 1335
378100 1180
378101 890
378102 643
378103 357
378104 241
378105 138
378106 112
378107 119
378108 252
378109 401
378110 530
378111 784
378112 1064
378113 1402
378114 1520
378115 1566
378116 1668
378117 1371
378118 1398
378119 1244
378120 1477
378121 1705
378122 1660
378123 1461
378124 1210
378125 738
378126 535
378127 301
378128 191
378129 80
378130 62
378131 119
378132 331
378133 459
378134 643
378135 864
378136 841
378137 774
378138 1120
378139 1045
378140 1066
378141 1093
378142 951
378143 1135
378144 1371
378145 1295
378146 1348
378147 1243
378148 1157
378149 719
378150 427
378151 211
378152 165
378153 84
378154 69
378155 130
378156 315
378157 429
378158 516
378159 662
378160 787
378161 831
378162 882
378163 774
378164 779
378165 904
378166 950
378167 881
378168 885
378169 355
378184 1
378185 17
378186 75
378187 455
378188 535
378189 471
378190 584
378191 696
378192 643
378193 844
378194 998
378195 822
378196 720
378197 512
378198 269
378199 185
378200 103
378201 64
378202 40
378203 147
378204 181
378205 298
378206 418
378207 482
378208 544
378209 605
378210 650
378211 676
378212 710
378213 691
378214 800
378215 752
378216 828
378217 771
378218 846
378219 973
378220 893
378221 755
378222 551
378223 388
378224 220
378225 120
378226 72
378227 69
378228 97
378229 225
378230 365
378231 504
378232 580
378233 746
378234 838
378235 720
378236 797
378237 738
378238 774
378239 829
378240 918
378241 952
378242 1031
378243 1048
378244 951
378245 884
378246 700
378247 524
378248 320
378249 185
378250 92
378251 77
378252 102
378253 245
378254 407
378255 505
378256 623
378257 211
378276 9
378277 93
378278 325
378279 424
378280 485
378281 524
378282 541
378283 551
378284 552
378285 595
378286 448
378287 408
378288 278
378289 172
378290 129
378291 25
378292 102
378293 143
378294 145
378295 143
378296 71
378297 46
378298 50
378299 73
378300 188
378301 288
378302 357
378303 370
378304 447
378305 440
378306 518
378307 482
378308 523
378309 553
378310 566
378311 604
378312 616
378313 646
378314 698
378315 642
378316 490
378317 313
378318 224
378319 122
378320 68
378321 33
378322 38
378323 77
378324 194
378325 285
378326 353
378327 403
378328 420
378329 434
378330 480
378331 544
378332 532
378333 318
378334 333
378335 400
378336 489
378337 313
378338 446
378339 873
378340 521
378341 590
378342 363
378343 193
378344 131
378345 76
378346 71
378347 119
378348 309
378349 422
378350 588
378351 729
378352 756
378353 895
378354 945
378355 855
378356 889
378357 857
378358 915
378359 947
378360 1071
378361 1128
378362 1211
378363 1070
378364 884
378365 620
378366 348
378367 211
378368 128
378369 57
378370 72
378371 125
378372 298
378373 483
378374 567
378375 664
378376 682
378377 755
378378 760
378379 817
378380 822
378381 899
378382 998
378383 979
378384 991
378385 1082
378386 1178
378387 1287
378388 1078
378389 912
378390 608
378391 390
378392 264
378393 153
378394 82
378395 95
378396 150
378397 233
378398 492
378399 767
378400 1000
378401 1109
378402 1246
378403 1289
378404 1316
378405 1319
378406 1271
378407 1143
378408 1287
378409 1271
378410 1258
378411 1238
378412 1215
378413 1087
378414 812
378415 556
378416 376
378417 234
378418 92
378419 94
378420 151
378421 303
378422 483
378423 738
378424 921
378425 1041
378426 1165
378427 1211
378428 1255
378429 1286
378430 1284
378431 1102
378432 1108
378433 1068
378434 947
378435 824
378436 671
378437 472
378438 261
378439 158
378440 97
378441 67
378442 45
378443 182
378444 274
378445 375
378446 506
378447 503
378448 623
378449 648
378450 586
378476 5
378477 130
378478 828
378479 820
378480 902
378481 1029
378482 1074
378483 904
378484 673
378485 433
378486 297
378487 133
378488 77
378489 58
378490 62
378491 116
378492 288
378493 383
378494 453
378495 488
378496 573
378497 733
378498 638
378499 735
378500 750
378501 784
378502 810
378503 826
378504 791
378505 986
378506 913
378507 927
378508 820
378509 559
378510 313
378511 165
378512 118
378513 81
378514 55
378515 108
378516 294
378517 412
378518 75
378526 1
378527 1
378529 5
378530 15
378531 216
378532 832
378533 630
378534 375
378535 206
378536 128
378537 73
378538 74
378539 249
378540 547
378541 861
378542 1139
378543 1204
378544 1085
378545 993
378546 1041
378547 948
378548 1001
378549 1032
378550 1067
378551 1106
378552 1167
378553 1137
378554 1113
378555 1134
378556 1072
378557 827
378558 610
378559 417
378560 239
378561 129
378562 91
378563 112
378564 199
378565 375
378566 579
378567 727
378568 950
378569 1165
378570 1420
378571 1870
378572 2040
378573 2237
378574 2093
378575 1930
378576 1871
378577 1761
378578 1825
378579 1806
378580 1684
378581 1386
378582 1068
378583 586
378584 186
378585 70
378586 62
378587 63
378588 100
378589 170
378590 262
378591 396
378592 497
378593 597
378594 670
378595 722
378596 689
378597 677
378598 664
378599 612
378600 527
378601 461
378602 433
378603 400
378604 246
378605 177
378606 100
378607 55
378608 36
378609 26
378610 48
378611 87
378612 170
378613 202
378614 273
378615 292
378616 354
378617 404
378618 466
378619 497
378620 947
378621 1060
378622 1148
378623 1149
378624 1159
378625 558
378626 456
378627 386
378628 271
378629 156
378630 89
378631 55
378632 31
378633 46
378634 32
378635 74
378636 144
378637 205
378638 454
378639 738
378640 833
378641 895
378642 496
378646 73
378647 442
378648 424
378649 465
378650 426
378651 378
378652 238
378653 148
378654 78
378655 40
378656 25
378657 21
378658 31
378659 105
378660 191
378661 270
378662 315
378663 387
378664 391
378665 460
378666 476
378667 485
378668 483
378669 507
378670 568
378671 562
378672 814
378673 908
378674 696
378675 410
378676 287
378677 173
378678 95
378679 57
378680 34
378681 16
378682 43
378683 117
378684 196
378685 304
378686 389
378687 418
378688 461
378689 535
378690 548
378691 490
378692 511
378693 509
378694 304
378710 6
378711 264
378712 416
378713 449
378714 472
378715 527
378716 531
378717 481
378718 502
378719 589
378720 583
378721 622
378722 589
378723 558
378724 440
378725 334
378726 224
378727 139
378728 73
378729 43
378730 40
378731 78
378732 137
378733 220
378734 335
378735 481
378736 631
378737 786
378738 843
378739 825
378740 769
378741 730
378742 681
378743 645
378744 692
378745 672
378746 664
378747 588
378748 493
378749 395
378750 269
378751 155
378752 92
378753 59
378754 46
378755 76
378756 137
378757 241
378758 333
378759 401
378760 483
378761 572
378762 604
378763 661
378764 651
378765 656
378766 581
378767 589
378768 536
378769 502
378770 390
378771 377
378772 246
378773 139
378774 81
378775 42
378776 28
378777 28
378778 43
378779 90
378780 152
378781 223
378782 289
378783 295
378784 327
378785 386
378786 363
378787 325
378788 417
378789 434
378790 437
378791 563
378792 601
378793 603
378794 482
378795 358
378796 225
378797 131
378798 65
378799 35
378800 29
378801 27
378802 45
378803 86
378804 196
378805 226
378806 270
378807 293
378808 351
378809 336
378810 381
378811 380
378812 402
378813 471
378814 468
378815 511
378816 466
378817 424
378818 461
378819 389
378820 266
378821 150
378822 96
378823 49
378824 37
378825 27
378826 37
378827 124
378828 180
378829 280
378830 319
378831 152
378833 185
378834 432
378835 445
378836 485
378837 501
378838 595
378839 678
378840 577
378841 539
378842 515
378843 425
378844 291
378845 177
378846 89
378847 47
378848 28
378849 25
378850 37
378851 109
378852 206
378853 295
378854 394
378855 408
378856 451
378857 526
378858 508
378859 508
378860 505
378861 216
378866 7
378867 375
378868 325
378869 178
378870 81
378871 63
378872 51
378873 30
378874 57
378875 120
378876 200
378877 316
378878 331
378879 377
378880 462
378881 547
378882 1034
378883 918
378884 989
378885 1061
378886 1084
378887 1122
378888 1025
378889 1287
378890 1232
378891 1112
378892 885
378893 618
378894 359
378895 221
378896 144
378897 83
378898 75
378899 131
378900 331
378901 535
378902 693
378903 878
378904 1020
378905 1186
378906 1308
378907 1428
378908 1355
378909 1071
378910 1013
378911 990
378912 906
378913 893
378914 1082
378915 853
378916 811
378917 703
378918 490
378919 261
378920 208
378921 94
378922 121
378923 157
378924 261
378925 524
378926 795
378927 805
378928 1081
378929 805
378930 1022
378931 1402
378932 1380
378933 1250
378934 1172
378935 1214
378936 1172
378937 1017
378938 925
378939 733
378940 524
378941 264
378942 180
378943 90
378944 89
378945 75
378946 103
378947 191
378948 373
378949 526
378950 621
378951 699
378952 732
378953 771
378954 770
378955 828
378956 772
378957 774
378958 909
378959 936
378960 914
378961 975
378962 985
378963 790
378964 524
378965 312
378966 188
378967 124
378968 69
378969 72
378970 94
378971 251
378972 443
378973 535
378974 671
378975 763
378976 929
378977 1006
378978 956
378979 932
378980 1026
378981 975
378982 1191
378983 1252
378984 1170
378985 1104
378986 1089
378987 922
378988 644
378989 352
378990 159
378991 98
378992 73
378993 59
378994 134
378995 235
378996 424
378997 585
378998 749
378999 837
379000 976
379001 975
379002 1041
379003 1004
379004 934
379005 974
379006 1057
379007 1136
379008 1184
379009 1220
379010 1144
379011 1009
379012 698
379013 416
379014 228
379015 121
379016 61
379017 81
379018 118
379019 272
379020 523
379021 686
379022 858
379023 953
379024 1012
379025 1046
379026 1117
379027 1067
379028 1024
379029 1017
379030 1205
379031 1310
379032 1165
379033 1229
379034 1306
379035 1040
379036 792
379037 542
379038 336
379039 205
379040 112
379041 60
379042 107
379043 257
379044 490
379045 595
379046 849
379047 966
379048 1145
379049 1177
379050 1340
379051 1228
379052 1220
379053 1318
379054 1330
379055 1384
379056 1231
379057 1293
379058 1356
379059 1187
379060 1042
379061 694
379062 428
379063 253
379064 149
379065 102
379066 107
379067 190
379068 353
379069 539
379070 821
379071 991
379072 1284
379073 1420
379074 1553
379075 1717
379076 1726
379077 1608
379078 1696
379079 1709
379080 1477
379081 1384
379082 951
379163 2
379164 66
379165 474
379166 686
379167 678
379168 736
379169 846
379170 824
379171 799
379172 918
379173 917
379174 956
379175 1196
379176 1013
379177 1070
379178 1011
379179 886
379180 595
379181 360
379182 213
379183 100
379184 70
379185 73
379186 125
379187 248
379188 485
379189 581
379190 653
379191 764
379192 860
379193 850
379194 930
379195 900
379196 894
379197 894
379198 967
379199 1052
379200 1068
379201 1174
379202 1070
379203 998
379204 668
379205 343
379206 232
379207 127
379208 85
379209 60
379210 106
379211 246
379212 440
379213 590
379214 594
379215 669
379216 774
379217 859
379218 933
379219 945
379220 1015
379221 1145
379222 1180
379223 1106
379224 1205
379225 1344
379226 1403
379227 1156
379228 946
379229 682
379230 437
379231 252
379232 132
379233 81
379234 95
379235 208
379236 403
379237 657
379238 936
379239 1065
379240 1269
379241 1447
379242 1540
379243 1684
379244 1716
379245 1722
379246 1680
379247 1611
379248 1549
379249 1551
379250 1401
379251 1418
379252 1215
379253 891
379254 589
379255 362
379256 215
379257 114
379258 113
379259 169
379260 334
379261 613
379262 776
379263 1032
379264 1191
379265 1327
379266 1475
379267 1387
379268 1366
379269 1307
379270 1229
379271 1452
379272 999
379273 993
379274 992
379275 704
379276 449
379277 313
379278 152
379279 86
379280 60
379281 53
379282 115
379283 262
379284 405
379285 353
379286 522
379287 690
379288 700
379289 533
379290 503
379291 457
379292 604
379293 877
379294 1050
379295 1145
379296 1139
379297 1103
379298 954
379299 705
379300 496
379301 248
379302 162
379303 81
379304 40
379305 34
379306 77
379307 171
379308 353
379309 459
379310 457
379311 540
379312 457
379313 468
379314 466
379315 603
379316 559
379317 624
379318 705
379319 827
379320 812
379321 662
379322 65
379345 1
379346 1
379347 16
379348 85
379349 251
379350 168
379351 123
379352 46
379353 50
379354 90
379355 202
379356 265
379357 408
379358 505
379359 448
379360 458
379361 519
379362 499
379363 561
379364 524
379365 592
379366 574
379367 475
379368 336
379369 564
379370 529
379371 675
379372 407
379373 304
379374 163
379375 82
379376 62
379377 35
379378 64
379379 151
379380 240
379381 477
379382 394
379383 570
379384 458
379385 337
379386 517
379387 852
379388 870
379389 816
379390 743
379391 1051
379392 1050
379393 1143
379394 1202
379395 1130
379396 867
379397 668
379398 453
379399 245
379400 140
379401 74
379402 96
379403 170
379404 329
379405 553
379406 757
379407 968
379408 1159
379409 1278
379410 1386
379411 1459
379412 1545
379413 1520
379414 1616
379415 1692
379416 1403
379417 1426
379418 1448
379419 1304
379420 1193
379421 869
379422 643
379423 407
379424 223
379425 128
379426 98
379427 152
379428 321
379429 571
379430 800
379431 1086
379432 1237
379433 1502
379434 1596
379435 1647
379436 1714
379437 1702
379438 1591
379439 1415
379440 1290
379441 1156
379442 1085
379443 827
379444 516
379445 353
379446 151
379447 91
379448 73
379449 57
379450 105
379451 241
379452 372
379453 571
379454 624
379455 688
379456 750
379457 789
379458 853
379459 844
379460 835
379461 876
379462 988
379463 1067
379464 1006
379465 889
379466 780
379467 646
379468 435
379469 212
379470 154
379471 69
379472 44
379473 39
379474 105
379475 236
379476 388
379477 461
379478 535
379479 606
379480 735
379481 730
379482 717
379483 682
379484 740
379485 823
379486 875
379487 959
379488 571
379489 184
379490 705
379491 849
379492 530
379493 338
379494 29
379549 1
379550 1
379551 1
379552 12
379553 77
379554 770
379555 1075
379556 1030
379557 984
379558 1200
379559 1140
379560 1226
379561 1207
379562 1271
379563 1214
379564 896
379565 600
379566 409
379567 220
379568 142
379569 87
379570 94
379571 172
379572 314
379573 530
379574 802
379575 1016
379576 1085
379577 1286
379578 1443
379579 1461
379580 1575
379581 1607
379582 1597
379583 1498
379584 1377
379585 1268
379586 1139
379587 1246
379588 982
379589 811
379590 529
379591 282
379592 193
379593 104
379594 131
379595 202
379596 354
379597 563
379598 823
379599 931
379600 1146
379601 1381
379602 1538
379603 1446
379604 1533
379605 1530
379606 1541
379607 1475
379608 1355
379609 1214
379610 1037
379611 850
379612 485
379613 307
379614 181
379615 101
379616 48
379617 73
379618 86
379619 243
379620 440
379621 540
379622 613
379623 663
379624 762
379625 782
379626 821
379627 863
379628 959
379629 958
379630 1014
379631 1260
379632 1090
379633 1145
379634 1044
379635 747
379636 492
379637 284
379638 133
379639 97
379640 62
379641 52
379642 106
379643 230
379644 432
379645 538
379646 617
379647 642
379648 692
379649 785
379650 829
379651 811
379652 794
379653 931
379654 971
379655 1071
379656 1106
379657 1082
379658 1004
379659 850
379660 575
379661 327
379662 182
379663 117
379664 67
379665 70
379666 150
379667 312
379668 490
379669 581
379670 750
379671 800
379672 850
379673 948
379674 1035
379675 1008
379676 1004
379677 960
379678 1084
379679 1103
379680 1099
379681 1155
379682 977
379683 775
379684 565
379685 322
379686 176
379687 102
379688 51
379689 60
379690 143
379691 338
379692 521
379693 659
379694 789
379695 885
379696 1029
379697 1029
379698 1066
379699 1125
379700 1016
379701 1045
379702 23
379714 20
379715 296
379716 546
379717 746
379718 916
379719 965
379720 620
379721 261
379722 1024
379723 1047
379724 802
379725 1216
379726 1288
379727 1430
379728 1383
379729 1249
379730 1166
379731 1166
379732 918
379733 646
379734 443
379735 242
379736 161
379737 102
379738 109
379739 207
379740 343
379741 590
379742 765
379743 1006
379744 1287
379745 1324
379746 1514
379747 1669
379748 1601
379749 1727
379750 1656
379751 1711
379752 1554
379753 1426
379754 1374
379755 1287
379756 1068
379757 854
379758 549
379759 330
379760 184
379761 109
379762 123
379763 196
379764 365
379765 668
379766 948
379767 1150
379768 1273
379769 1464
379770 1477
379771 1086
379772 1292
379773 1513
379774 1379
379775 1364
379776 1367
379777 1171
379778 1100
379779 834
379780 519
379781 307
379782 186
379783 112
379784 62
379785 81
379786 133
379787 218
379788 423
379789 509
379790 351
379791 268
379792 754
379793 676
379794 643
379795 724
379796 799
379797 782
379798 884
379799 917
379800 967
379801 1029
379802 993
379803 602
379804 589
379805 288
379806 143
379807 110
379808 57
379809 60
379810 133
379811 270
379812 431
379813 531
379814 567
379815 700
379816 705
379817 809
379818 812
379819 906
379820 966
379821 946
379822 1085
379823 1222
379824 1128
379825 1039
379826 1175
379827 842
379828 579
379829 310
379830 191
379831 115
379832 54
379833 60
379834 192
379835 305
379836 472
379837 565
379838 660
379839 656
379840 789
379841 896
379842 919
379843 843
379844 958
379845 1054
379846 1180
379847 1440
379848 1147
379849 1083
379850 1065
379851 893
379852 567
379853 321
379854 208
379855 95
379856 64
379857 64
379858 156
379859 334
379860 553
379861 649
379862 811
379863 881
379864 942
379865 946
379866 995
379867 978
379868 980
379869 1090
379870 1306
379871 1438
379872 1229
379873 1263
379874 1072
379875 955
379876 696
379877 427
379878 219
379879 134
379880 70
379881 68
379882 134
379883 316
379884 474
379885 652
379886 709
379887 732
379888 777
379889 939
379890 950
379891 931
379892 1028
379893 992
379894 1109
379895 1253
379896 1250
379897 1233
379898 1223
379899 1045
379900 816
379901 601
379902 390
379903 255
379904 133
379905 84
379906 124
379907 243
379908 440
379909 650
379910 812
379911 1067
379912 1191
379913 953
375943 1
375949 2
375950 646
375951 1474
375952 1707
375953 1847
375954 2134
375955 2078
375956 2111
375957 2306
375958 2216
375959 2407
375960 2441
375961 2474
375962 2688
375963 2524
375964 2224
375965 1563
375966 902
375967 479
375968 285
375969 151
375970 147
375971 288
375972 616
375973 1057
375974 1416
375975 1618
375976 1783
375977 2197
375978 2329
375979 2390
375980 2589
375981 2690
375982 2646
375983 2548
375984 2710
375985 2577
375986 2710
375987 2595
375988 2291
375989 1602
375990 1235
375991 758
375992 506
375993 345
375994 239
375995 431
375996 811
375997 1129
375998 1997
375999 3052
376000 3706
376001 3781
376002 3295
376003 2949
376004 3183
376005 3186
376006 3145
376007 3278
376008 3193
376009 2939
376010 2295
376011 2162
376012 1876
376013 1350
376014 878
376015 576
376016 332
376017 280
376018 179
376019 195
376020 432
376021 654
376022 920
376023 1254
376024 1519
376025 1949
376026 2166
376027 2346
376028 2719
376029 2854
376030 2621
376031 2560
376032 2508
376033 2535
376034 2457
376035 2474
376036 2399
376037 1796
376038 1392
376039 829
376040 593
376041 365
376042 221
376043 209
376044 297
376045 603
376046 1093
376047 1397
376048 1863
376049 2120
376050 2590
376051 2617
376052 2931
376053 3066
376054 2744
376055 2696
376056 2794
376057 2641
376058 2859
376059 2774
376060 2579
376061 2125
376062 1488
376063 971
376064 719
376065 438
376066 264
376067 246
376068 312
376069 580
376070 949
376071 1363
376072 1755
376073 2085
376074 2425
376075 2613
376076 2682
376077 2564
376078 2499
376079 2451
376080 2359
376081 2277
376082 2240
376083 1957
376084 1622
376085 1141
376086 676
376087 386
376088 235
376089 152
376090 113
376091 253
376092 426
376093 757
376094 1086
376095 1158
376096 1267
376097 1518
376098 1593
376099 1700
376100 1845
376101 1932
376102 1897
376103 2141
376104 2259
376105 2282
376106 2267
376107 2104
376108 1707
376109 1127
376110 703
376111 377
376112 203
376113 171
376114 139
376115 249
376116 490
376117 791
376118 1013
376119 1204
376120 1432
376121 1664
376122 1664
376123 1678
376124 1733
376125 1865
376126 1818
376127 2152
376128 2135
376129 2499
376130 2474
376131 2297
376132 1876
376133 1251
376134 679
376135 431
376136 223
376137 167
376138 116
376139 211
376140 569
376141 907
376142 1254
376143 1313
376144 1494
376145 1804
376146 1924
376147 2062
376148 2012
376149 2201
376150 2476
376151 2775
376152 3101
376153 3247
376154 3287
376155 3002
376156 2563
376157 1724
376158 1005
376159 406
376160 281
376161 156
376162 121
376163 289
376164 642
376165 1068
376166 1500
376167 1655
376168 1900
376169 2035
376170 2243
376171 2421
376172 2084
376173 2604
376174 2578
376175 3053
376176 3343
376177 3416
376178 3485
376179 3169
376180 2686
376181 2046
376182 1118
376183 569
376184 369
376185 194
376186 184
376187 295
376188 659
376189 1112
376190 1515
376191 1678
376192 1882
376193 2068
376194 2210
376195 2466
376196 2536
376197 2872
376198 2688
376199 2978
376200 3244
376201 3397
376202 3576
376203 3407
376204 3255
376205 2678
376206 1886
376207 1185
376208 820
376209 449
376210 215
376211 234
376212 314
376213 684
376214 1187
376215 1744
376216 2325
376217 2470
376218 2795
376219 3195
376220 3335
376221 3226
376222 3739
376223 3773
376224 3713
376225 3922
376226 4049
376227 4426
376228 3900
376229 3369
376230 2365
376231 1679
376232 1065
376233 554
376234 325
376235 284
376236 532
376237 809
376238 1396
376239 1869
376240 2453
376241 3004
376242 3327
376243 3778
376244 3732
376245 3770
376246 3524
376247 3289
376248 3471
376249 3297
376250 2907
376251 2661
376252 2114
376253 1465
376254 851
376255 499
376256 272
376257 176
376258 174
376259 272
376260 659
376261 1012
376262 1338
376263 1530
376264 1676
376265 1832
376266 2106
376267 2230
376268 2398
376269 2613
376270 2551
376271 2599
376272 2844
376273 2924
376274 2952
376275 2714
376276 2188
376277 1456
376278 945
376279 471
376280 268
376281 121
376282 159
376283 218
376284 527
376285 892
376286 1038
376301 584
376302 524
376303 300
376304 142
376305 80
376306 97
376307 125
376308 290
376309 551
376310 786
376311 877
376312 997
376313 1162
376314 1358
376315 1393
376316 1383
376317 1544
376318 1430
376319 1586
376320 1759
376321 1826
376322 1949
376323 1713
376324 1366
376325 938
376326 473
376327 278
376328 133
376329 83
376330 53
376331 150
376332 300
376333 581
376334 823
376335 1097
376336 1282
376337 1452
376338 1530
376339 1556
376340 1571
376341 1888
376342 1652
376343 1690
376344 1952
376345 2035
376346 2025
376347 1978
376348 1557
376349 1167
376350 567
376351 345
376352 180
376353 128
376354 102
376355 132
376356 337
376357 597
376358 847
376359 1102
376360 1199
376361 1335
376362 1518
376363 1624
376364 1685
376365 1702
376366 1719
376367 1979
376368 2038
376369 2265
376370 2357
376371 2368
376372 2130
376373 1765
376374 1213
376375 708
376376 459
376377 245
376378 150
376379 107
376380 223
376381 549
376382 697
376383 1036
376384 1438
376385 1782
376386 2126
376387 2399
376388 2490
376389 2706
376390 2660
376391 2575
376392 2670
376393 2596
376394 2847
376395 2646
376396 2546
376397 2108
376398 1582
376399 998
376400 573
376401 343
376402 153
376403 129
376404 239
376405 425
376406 720
376407 925
376408 1272
376409 1709
376410 1867
376411 2099
376412 2025
376413 2084
376414 2065
376415 1973
376416 2021
376417 1819
376418 1666
376419 1590
376420 1238
376421 899
376422 503
376423 259
376424 150
376425 100
376426 85
376427 143
376428 307
376429 580
376430 839
376431 927
376432 1122
376433 1242
376434 1378
376435 1342
376436 1476
376437 1509
376438 1451
376439 1701
376440 1877
376441 1902
376442 1930
376443 1796
376444 1452
376445 933
376446 616
376447 336
376448 153
376449 118
376450 83
376451 121
376452 326
376453 579
376454 892
376455 951
376456 1110
376457 1284
376458 1451
376459 1370
376460 1517
376461 1486
376462 1553
376463 1815
376464 2031
376465 2084
376466 2013
376467 2084
376468 1624
376469 1093
376470 642
376471 308
376472 165
376473 106
376474 89
376475 156
376476 369
376477 624
376478 910
376479 1032
376480 1206
376481 1647
376482 1476
376483 1540
376484 1481
376485 1672
376486 1631
376487 1831
376488 2153
376489 2068
376490 2208
376491 2096
376492 1712
376493 1308
376494 713
376495 428
376496 197
376497 104
376498 68
376499 158
376500 342
376501 673
376502 1060
376503 1244
376504 1354
376505 1600
376506 1742
376507 1716
376508 1778
376509 1880
376510 1892
376511 1967
376512 2365
376513 2623
376514 2462
376515 2250
376516 2024
376517 1321
376518 806
376519 393
376520 244
376521 132
376522 102
376523 163
376524 352
376525 636
376526 1000
376527 1138
376528 1235
376529 1610
376530 1629
376531 1773
376532 1838
376533 2041
376534 1918
376535 2126
376536 2325
376537 2329
376538 2581
376539 2620
376540 2441
376541 1983
376542 1349
376543 764
376544 474
376545 191
376546 110
376547 50
376548 45
376549 25
376550 16
376551 6
376552 8
376553 8
376554 126
376555 16
376556 2860
376557 3601
376558 3361
376559 3126
376560 3233
376561 3058
376562 3122
376563 3203
376564 2918
376565 2479
376566 1842
376567 1145
376568 698
376569 328
376570 190
376571 213
376572 227
376573 537
376574 831
376575 1233
376576 1723
376577 1870
376578 2046
376579 2132
376580 2351
376581 2247
376582 2175
376583 2070
376584 1935
376585 1796
376586 1910
376587 1759
376588 1381
376589 890
376590 550
376591 302
376592 204
376593 107
376594 83
376595 109
376596 328
376597 492
376598 700
376599 999
376600 1128
376601 1366
376602 1543
376603 1475
376604 1586
376605 1645
376606 1716
376607 1715
376608 2046
376609 2078
376610 1977
376611 1919
376612 1535
376613 1084
376614 528
376615 378
376616 251
376617 123
376618 81
376619 149
376620 336
376621 596
376622 874
376623 1007
376624 1185
376625 1447
376626 1672
376627 1642
376628 1700
376629 1984
376630 1706
376631 1789
376632 1872
376633 1948
376634 2117
376635 1945
376636 1637
376637 1073
376638 636
376639 336
376640 179
376641 110
376642 95
376643 148
376644 350
376645 593
376646 830
376647 1070
376648 1153
376649 1346
376650 1478
376651 1631
376652 1585
376653 1906
376654 1797
376655 1826
376656 2147
376657 2213
376658 2223
376659 2047
376660 1682
376661 615
376673 1
376677 1
376679 2
376680 1
376681 7
376682 6
376683 492
376684 1331
376685 1325
376686 1087
376687 717
376688 455
376689 235
376690 205
376691 290
376692 530
376693 967
376694 1443
376695 1798
376696 1858
376697 2141
376698 2297
376699 2396
376700 2413
376701 2736
376702 2673
376703 2743
376704 2948
376705 2990
376706 3179
376707 2973
376708 2953
376709 2395
376710 1643
376711 1130
376712 681
376713 414
376714 259
376715 236
376716 384
376717 735
376718 1080
376719 166
376724 1
376725 15
376726 459
376727 3030
376728 3096
376729 3027
376730 2925
376731 3062
376732 2867
376733 2381
376734 1694
376735 1117
376736 761
376737 377
376738 239
376739 259
376740 405
376741 742
376742 1082
376743 1474
376744 2013
376745 2374
376746 2575
376747 2860
376748 2968
376749 3200
376750 3187
376751 2939
376752 2920
376753 2997
376754 2866
376755 2650
376756 2299
376757 1772
376758 1138
376759 644
376760 378
376761 251
376762 205
376763 265
376764 531
376765 770
376766 1346
376767 1445
376768 1879
376769 2108
376770 2354
376771 2436
376772 2327
376773 2478
376774 2610
376775 2809
376776 3047
376777 3119
376778 3177
376779 3063
376780 2469
376781 2139
376782 1490
376783 943
376784 550
376785 322
376786 211
376787 199
376788 384
376789 759
376790 1163
376791 1559
376792 1872
376793 2087
376794 2189
376795 2330
376796 2352
376797 2587
376798 2428
376799 2542
376800 2464
376801 2437
376802 2395
376803 2263
376804 1872
376805 1292
376806 803
376807 492
376808 275
376809 239
376810 183
376811 192
376812 328
376813 599
376814 820
376815 1104
376816 1403
376817 1767
376818 2029
376819 1983
376820 2439
376821 2348
376822 2235
376823 2190
376824 2120
376825 2025
376826 2141
376827 2038
376828 1899
376829 1369
376830 859
376831 463
