378478 1302
378479 1306
378480 1459
378481 1373
378482 1292
378483 795
378484 1018
378485 825
378486 434
378487 302
378488 176
378489 130
378490 99
378491 202
378492 427
378493 808
378494 910
378495 945
378496 928
378497 1053
378498 1051
378499 1151
378500 1061
378501 1053
378502 1175
378503 1191
378504 1307
378505 1520
378506 1492
378507 1492
378508 1118
378509 766
378510 610
378511 274
378512 163
378513 124
378514 108
378515 237
378516 451
378517 819
378518 280
378525 164
378526 1207
378527 1400
378528 72
378529 1149
378530 1530
378531 1553
378532 1261
378533 949
378534 543
378535 294
378536 230
378537 126
378538 105
378539 297
378540 698
378541 1116
378542 1242
378543 1348
378544 1273
378545 1229
378546 1367
378547 1140
378548 1224
378549 1292
378550 1355
378551 1440
378552 1457
378553 1523
378554 1424
378555 1397
378556 1263
378557 1053
378558 748
378559 562
378560 408
378561 199
378562 114
378563 149
378564 247
378565 494
378566 800
378567 981
378568 1155
378569 1382
378570 1494
378571 1680
378572 1664
378573 1646
378574 1505
378575 1535
378576 1450
378577 1409
378578 1489
378579 1467
378580 1458
378581 1400
378582 1063
378583 712
378584 420
378585 197
378586 163
378587 159
378588 340
378589 494
378590 724
378591 1149
378592 1249
378593 1403
378594 1634
378595 1514
378596 1329
378597 1354
378598 1313
378599 1234
378600 1138
378601 1195
378602 1155
378603 1182
378604 939
378605 676
378606 409
378607 226
378608 146
378609 139
378610 216
378611 407
378612 689
378613 880
378614 858
378615 1054
378616 1027
378617 1216
378618 1086
378619 1217
378620 1255
378621 1174
378622 1275
378623 1431
378624 1470
378625 356
378639 1122
378640 1242
378641 1217
378642 1041
378643 1271
378644 1258
378645 1243
378646 1407
378647 1389
378648 1538
378649 1428
378650 1370
378651 1182
378652 919
378653 557
378654 381
378655 199
378656 186
378657 134
378658 177
378659 480
378660 893
378661 1012
378662 1025
378663 1021
378664 1194
378665 1275
378666 1609
378667 1586
378668 1274
378669 1303
378670 1414
378671 1627
378672 1543
378673 1567
378674 1478
378675 1357
378676 1041
378677 631
378678 388
378679 190
378680 198
378681 159
378682 205
378683 501
378684 768
378685 1071
378686 1113
378687 1112
378688 1224
378689 1146
378690 1257
378691 1138
378692 1174
378693 1223
378694 1630
378695 1638
378696 1544
378697 1579
378698 1481
378699 1254
378700 960
378701 660
378702 392
378703 208
378704 132
378705 106
378706 230
378707 442
378708 790
378709 959
378710 1102
378711 1067
378712 1266
378713 1347
378714 1229
378715 1328
378716 1203
378717 1311
378718 1347
378719 1782
378720 1519
378721 1759
378722 1493
378723 1402
378724 1183
378725 722
378726 502
378727 330
378728 206
378729 168
378730 137
378731 261
378732 502
378733 748
378734 1192
378735 1565
378736 1558
378737 1861
378738 1877
378739 1761
378740 1562
378741 1469
378742 1425
378743 1420
378744 1466
378745 1593
378746 1488
378747 1363
378748 1116
378749 891
378750 664
378751 435
378752 252
378753 164
378754 273
378755 281
378756 398
378757 568
378758 898
378759 1200
378760 1316
378761 1543
378762 1482
378763 1489
378764 1309
378765 1258
378766 1291
378767 1510
378768 1371
378769 1401
378770 1260
378771 970
378772 828
378773 446
378774 256
378775 143
378776 105
378777 132
378778 143
378779 462
378780 805
378781 894
378782 841
378783 856
378784 1018
378785 1021
378786 978
378787 1044
378788 1161
378789 1092
378790 1269
378791 1462
378792 1480
378793 1615
378794 1574
378795 1114
378796 776
378797 515
378798 190
378799 127
378800 106
378801 128
378802 212
378803 440
378804 693
378805 928
378806 949
378807 932
378808 1067
378809 993
378810 1033
378811 997
378812 1084
378813 1038
378814 1363
378815 1691
378816 1529
378817 1295
378818 1474
378819 1336
378820 899
378821 490
378822 312
378823 174
378824 88
378825 95
378826 198
378827 438
378828 752
378829 950
378830 894
378831 990
378832 1127
378833 1206
378834 1024
378835 1034
378836 1083
378837 1310
378838 158
378859 278
378860 1100
378861 1026
378862 1187
378863 1277
378864 1366
378865 1298
378866 1370
378867 1217
378868 881
378869 446
378870 355
378871 182
378872 135
378873 115
378874 207
378875 504
378876 787
378877 1037
378878 1014
378879 1138
378880 1192
378881 1188
378882 1134
378883 1096
378884 1099
378885 1285
378886 1228
378887 1354
378888 1250
378889 1298
378890 1226
378891 1189
378892 1051
378893 757
378894 567
378895 325
378896 176
378897 120
378898 134
378899 191
378900 419
378901 615
378902 848
378903 968
378904 1089
378905 1083
378906 1220
378907 1157
378908 1154
378909 1096
378910 1278
378911 1657
378912 1574
378913 1607
378914 1579
378915 1524
378916 1216
378917 949
378918 772
378919 479
378920 245
378921 146
378922 132
378923 214
378924 322
378925 654
378926 935
378927 1123
378928 1309
378929 1462
378930 1484
378931 1471
378932 1485
378933 1321
378934 1407
378935 1412
378936 1356
378937 1501
378938 1269
378939 1022
378940 814
378941 445
378942 222
378943 176
378944 120
378945 142
378946 221
378947 445
378948 813
378949 1021
378950 965
378951 1139
378952 1165
378953 1154
378954 1089
378955 1148
378956 1029
378957 1080
378958 1225
378959 1376
378960 1408
378961 1349
378962 1242
378963 1087
378964 697
378965 458
378966 340
378967 160
378968 139
378969 134
378970 198
378971 446
378972 670
378973 952
378974 994
378975 1071
378976 1166
378977 1275
378978 1211
378979 1161
378980 1195
378981 1264
378982 1439
378983 1507
378984 1510
378985 1421
378986 1391
378987 1240
378988 1040
378989 544
378990 277
378991 187
378992 151
378993 181
378994 241
378995 437
378996 738
378997 1062
378998 1059
378999 1213
379000 1332
379001 1294
379002 1197
379003 1306
379004 1186
379005 1219
379006 1425
379007 1781
379008 1728
379009 1620
379010 1680
379011 1245
379012 903
379013 588
379014 359
379015 192
379016 120
379017 117
379018 200
379019 444
379020 793
379021 1131
379022 1190
379023 1278
379024 1310
379025 1439
379026 1418
379027 1334
379028 1405
379029 1364
379030 1573
379031 1805
379032 1591
379033 1673
379034 1526
379035 1280
379036 1022
379037 690
379038 493
379039 326
379040 171
379041 155
379042 223
379043 402
379044 784
379045 1140
379046 1186
379047 1392
379048 1722
379049 1470
379050 1456
379051 1345
379052 1496
379053 1653
379054 1590
379055 1636
379056 1538
379057 1594
379058 1668
379059 1480
379060 1200
379061 905
379062 594
379063 381
379064 280
379065 188
379066 203
379067 235
379068 471
379069 726
379070 1067
379071 1314
379072 1498
379073 1709
379074 1598
379075 1669
379076 1624
379077 1705
379078 1671
379079 1708
379080 1673
379081 1631
379082 1475
379083 1475
379084 1151
379085 978
379086 694
379087 417
379088 284
379089 169
379090 208
379091 242
379092 377
379093 755
379094 1013
379095 1350
379096 1352
379097 1343
379098 1433
379099 1320
379100 1327
379101 1309
379102 1324
379103 1269
379104 1280
379105 1347
379106 1230
379107 978
379108 869
379109 555
379110 352
379111 201
379112 85
379113 121
379114 211
379115 469
379116 813
379117 968
379118 966
379119 1119
379120 1253
379121 1282
379122 1167
379123 1065
379124 1122
379125 1203
379126 1347
379127 1499
379128 1486
379129 1446
379130 1322
379131 1055
379132 971
379133 560
379134 284
379135 153
379136 87
379137 152
379138 183
379139 426
379140 803
379141 993
379142 1089
379143 1134
379293 352
379294 1170
379295 1539
379296 1480
379297 1679
379298 1510
379299 1413
379300 845
379301 411
379302 251
379303 191
379304 133
379305 86
379306 229
379307 495
379308 898
379309 1215
379310 1141
379311 1316
379312 1390
379313 1374
379314 1346
379315 1332
379316 1323
379317 1338
379318 1770
379319 1968
379320 1720
379321 1654
379322 1462
379323 1151
379324 876
379325 548
379326 340
379327 158
379328 90
379329 105
379330 190
379331 478
379332 854
379333 1089
379334 1100
379335 1112
379336 1195
379337 1446
379338 1339
379339 1338
379340 1335
379341 1241
379342 1437
379343 1993
379344 1551
379345 1593
379346 1626
379347 1118
379348 783
379349 508
379350 342
379351 135
379352 72
379353 117
379354 237
379355 503
379356 902
379357 1068
379358 1167
379359 1196
379360 1251
379361 1261
379362 1165
379363 1148
379364 1292
379365 1251
379366 1493
379367 1740
379368 1764
379369 1718
379370 1543
379371 1482
379372 892
379373 503
379374 408
379375 222
379376 117
379377 138
379378 224
379379 483
379380 846
379381 1128
379382 1072
379383 1302
379384 1277
379385 1425
379386 1316
379387 1279
379388 1172
379389 1296
379390 1528
379391 1658
379392 1661
379393 1544
379394 1621
379395 1309
379396 1081
379397 762
379398 597
379399 337
379400 137
379401 129
379402 164
379403 318
379404 534
379405 804
379406 898
379407 1433
379408 1409
379409 1642
379410 1547
379411 1446
379412 1393
379413 1537
379414 1547
379415 1569
379416 1565
379417 1724
379418 1533
379419 1457
379420 1235
379421 1102
379422 751
379423 443
379424 286
379425 153
379426 125
379427 226
379428 408
379429 666
379430 937
379431 1355
379432 1446
379433 1660
379434 1648
379435 1720
379436 1637
379437 1476
379438 1444
379439 1542
379440 1338
379441 1346
379442 1402
379443 1160
379444 823
379445 429
379446 299
379447 200
379448 142
379449 121
379450 249
379451 531
379452 773
379453 1005
379454 1188
379455 1245
379456 1142
379457 1278
379458 1171
379459 1573
379460 1506
379461 1532
379462 1502
379463 1634
379464 1363
379465 1383
379466 1410
379467 1215
379468 745
379469 460
379470 266
379471 126
379472 79
379473 110
379474 288
379475 565
379476 861
379477 1177
379478 1154
379479 1211
379480 1246
379481 1251
379482 1363
379483 1312
379484 1323
379485 1325
379486 1522
379487 1654
379488 1754
379489 1677
379490 1574
379491 1207
379492 992
379493 574
379494 354
379495 278
379496 102
379497 170
379498 256
379499 506
379500 876
379501 1015
379502 1053
379503 1151
379504 1369
379505 1440
379506 1334
379507 1334
379508 1359
379509 1350
379510 1471
379511 1725
379512 1644
379513 1473
379514 1403
379515 1470
379516 873
379517 578
379518 328
379519 169
379520 156
379521 133
379522 262
379523 585
379524 905
379525 1123
379526 1155
379527 1246
379528 1344
379529 1358
379530 1202
379531 1218
379532 1187
379533 1331
379534 1524
379535 1711
379536 1699
379537 1638
379538 1461
379539 1317
379540 818
379541 636
379542 468
379543 297
379544 202
379545 204
379546 314
379547 636
379548 963
379549 1107
379550 1091
379551 1264
379552 1257
379553 1280
379554 1314
379555 1229
379556 1189
379557 1293
379558 1642
379559 1667
379560 1849
379561 1836
379562 1489
379563 1322
379564 1267
379565 828
379566 500
379567 306
379584 373
379585 1578
379586 1546
379587 1342
379588 1241
379589 925
379590 611
379591 382
379592 228
379593 167
379594 157
379595 273
379596 369
379597 761
379598 1060
379599 1287
379600 1398
379601 1622
379602 1749
379603 1733
379604 1588
379605 1449
379606 1370
379607 1395
379608 1324
379609 1307
379610 1344
379611 1157
379612 760
379613 436
379614 254
379615 127
379616 117
379617 108
379618 208
379619 523
379620 799
379621 938
379622 957
379623 1165
379624 1187
379625 1120
379626 1158
379627 1237
379628 1172
379629 1257
379630 1445
379631 1596
379632 1561
379633 1411
379634 1430
379635 1127
379636 801
379637 531
379638 290
379639 153
379640 138
379641 103
379642 236
379643 465
379644 803
379645 981
379646 843
379647 992
379648 1313
379649 1245
379650 1380
379651 1301
379652 1330
379653 1227
379654 1447
379655 1546
379656 1777
379657 1747
379658 1179
379659 1170
379660 857
379661 438
379662 242
379663 139
379664 107
379665 107
379666 310
379667 556
379668 954
379669 1244
379670 1223
379671 1274
379672 1342
379673 1379
379674 1439
379675 1364
379676 1488
379677 1422
379678 1527
379679 1670
379680 1577
379681 1540
379682 1307
379683 1127
379684 841
379685 448
379686 309
379687 174
379688 157
379689 128
379690 250
379691 553
379692 954
379693 1099
379694 1206
379695 1290
379696 1235
379697 1461
379698 1371
379699 1262
379700 1313
379701 1523
379702 189
379716 30
379717 1049
379718 1199
379719 1217
379720 1417
379721 1526
379722 1455
379723 1361
379724 1305
379725 1492
379726 1637
379727 1759
379728 1612
379729 1567
379730 1694
379731 1370
379732 1068
379733 821
379734 594
379735 382
379736 222
379737 133
379738 157
379739 329
379740 632
379741 819
379742 1073
379743 1449
379744 1631
379745 1625
379746 1597
379747 1686
379748 1625
379749 1698
379750 1541
379751 1650
379752 1624
379753 1583
379754 1393
379755 1370
379756 1286
379757 1054
379758 651
379759 422
379760 281
379761 160
379762 181
379763 268
379764 455
379765 804
379766 977
379767 1368
379768 1456
379769 1615
379770 1612
379771 1458
379772 1428
379773 1452
379774 1497
379775 1521
379776 1368
379777 1427
379778 1402
379779 1136
379780 769
379781 535
379782 297
379783 156
379784 100
379785 123
379786 270
379787 510
379788 854
379789 1046
379790 966
379791 1054
379792 1186
379793 1147
379794 1164
379795 1168
379796 1231
379797 1251
379798 1535
379799 1652
379800 1631
379801 1499
379802 1559
379803 1366
379804 1054
379805 520
379806 292
379807 178
379808 127
379809 154
379810 246
379811 545
379812 848
379813 1091
379814 1034
379815 1195
379816 1308
379817 1360
379818 1335
379819 1342
379820 1329
379821 1394
379822 1636
379823 1792
379824 1738
379825 1955
379826 1657
379827 1425
379828 980
379829 615
379830 263
379831 147
379832 150
379833 232
379834 322
379835 642
379836 892
379837 1134
379838 1375
379839 1358
379840 1341
379841 1454
379842 1314
379843 1553
379844 1458
379845 1522
379846 1981
379847 2147
379848 1932
379849 2018
379850 1841
379851 1411
379852 925
379853 505
379854 283
379855 166
379856 149
379857 149
379858 319
379859 562
379860 994
379861 1258
379862 1278
379863 1302
379864 1470
379865 1555
379866 1452
379867 1375
379868 1389
379869 1551
379870 1661
379871 1861
379872 1759
379873 1809
379874 1716
379875 1384
379876 842
379877 564
379878 329
379879 243
379880 126
379881 141
379882 263
379883 557
379884 950
379885 1129
379886 1185
379887 1353
379888 1582
379889 1527
379890 1394
379891 1412
379892 1433
379893 1456
379894 1752
379895 1916
379896 1728
379897 1997
379898 1974
379899 1582
379900 1204
379901 746
379902 459
379903 306
379904 205
379905 118
379906 173
379907 265
379908 727
379909 1067
379910 1230
379911 1619
379912 1733
379913 894
375821 668
375822 386
375823 311
375824 126
375825 103
375826 139
375827 199
375828 376
375829 575
375830 446
375837 183
375845 809
375846 537
375847 308
375848 247
375849 143
375850 139
375851 199
375852 367
375853 229
375854 3
375855 89
375857 29
375858 42
375859 146
375860 551
375861 748
375862 1095
375863 1371
375864 1443
375865 1519
375866 1470
375867 1387
375868 1242
375892 796
375893 1068
375894 710
375895 555
375896 396
375897 227
375898 124
375899 154
375900 224
375901 380
375902 523
375903 739
375904 1179
375905 1259
375906 1348
375907 1414
375908 1285
375909 1352
375910 1253
375911 600
375935 363
375936 1337
375937 1234
375938 1209
375939 1047
375940 930
375941 761
375942 422
375943 181
375944 159
375945 129
375946 108
375947 241
375948 290
375950 564
375951 879
375952 1047
375953 2
375954 864
375955 380
375957 982
375958 943
375960 1073
375961 1408
375962 1437
375963 1439
375964 1098
375965 770
375966 437
375967 316
375968 139
375969 60
375970 89
375971 210
375972 496
375973 613
375989 955
375990 650
375991 517
375992 334
375993 199
375994 194
375995 284
375996 458
375997 835
375998 1095
375999 1282
376000 1277
376001 1231
376002 1270
376003 1063
376004 1016
376005 1095
376006 989
376007 983
376008 1118
376009 920
376010 1134
376011 1012
376012 952
376061 990
376062 815
376063 540
376064 290
376065 248
376066 198
376067 153
376068 227
376069 358
376070 457
376071 391
376081 370
376082 1114
376083 1162
376084 787
376097 105
376119 124
376133 687
376134 534
376135 268
376136 190
376137 125
376138 115
376139 249
376140 424
376141 664
376142 933
376143 942
376144 946
376145 1068
376146 1102
376147 1012
376148 1007
376149 1103
376150 1190
376151 1529
376152 1838
376153 1757
376154 1614
376155 1424
376156 1394
376157 891
376158 557
376159 288
376160 144
376161 96
376162 85
376163 187
376164 394
376165 735
376166 995
376167 967
376168 1096
376169 1100
376170 1177
376171 1182
376172 1081
376173 1214
376174 1330
376175 1517
376176 1583
376177 1630
376178 1493
376179 1381
376180 1054
376188 335
376189 762
376190 956
376191 941
376192 1021
376193 1169
376194 1254
376195 1183
376196 1267
376197 1158
376198 1296
376199 1411
376200 1432
376201 1390
376202 1372
376203 1443
376204 1248
376205 1019
376206 843
376207 534
376208 320
376209 312
376210 136
376211 132
376212 272
376213 332
376214 613
376215 901
376216 1210
376217 1382
376218 1385
376219 1426
376220 1495
376221 1365
376222 1462
376223 1559
376224 1695
376225 577
376253 110
376265 896
376266 1140
376267 1127
376268 1206
376269 1193
376270 1158
376271 1366
376272 1433
376273 1540
376274 1410
376275 1271
376276 1115
376277 758
376278 481
376279 302
376280 187
376281 85
376282 106
376283 204
376284 371
376285 790
376286 952
376287 949
376288 1001
376289 1189
376290 1195
376291 1082
376292 1015
376293 1116
376294 1088
376295 1339
376296 1351
376297 1499
376298 1445
376299 1552
376300 1059
376301 764
376302 440
376303 235
376304 180
376305 155
376306 121
376307 248
376308 448
376309 721
376310 909
376311 894
376312 1186
376313 1184
376314 1147
376315 1038
376316 1030
376317 1058
376318 1240
376319 1512
376320 1538
376321 1650
376322 1640
376323 1331
376324 1133
376325 766
376326 482
376327 322
376328 237
376329 139
376330 139
376331 210
376332 440
376333 721
376334 947
376335 1103
376336 1318
376337 1206
376338 1216
376339 1167
376340 995
376341 1121
376342 1200
376343 1222
376344 1550
376345 1589
376346 1369
376347 1637
376348 1184
376349 783
376350 616
376351 375
376352 206
376353 115
376354 127
376355 225
376356 458
376357 780
376358 826
376359 946
376360 1270
376361 1273
376362 1299
376363 1236
376364 1220
376365 1133
376366 1239
376367 1503
376368 1660
376369 1680
376370 1577
376371 1552
376372 1359
376373 970
376415 195
376416 792
376417 1113
376418 1113
376419 1160
376420 993
376421 886
376422 633
376423 354
376424 222
376425 115
376426 152
376427 225
376428 408
376429 695
376430 964
376431 875
376432 1118
376433 1071
376434 1122
376435 1091
376436 1061
376437 1020
376438 1055
376439 1131
376440 1373
376441 1265
376442 1340
376443 1297
376444 934
