40.74888908 -73.99410076 40.75419436 -73.98609448
40.75419436 -73.99410076 40.75949964 -73.98609448
40.75419436 -73.98609448 40.75949964 -73.9780882
40.75949964 -73.98609448 40.76480492 -73.9780882
40.73297324 -73.99410076 40.73827852 -73.98609448
40.75949964 -73.9780882 40.76480492 -73.97008192
40.72236268 -74.00210704 40.72766796 -73.99410076
40.7435838 -73.99410076 40.74888908 -73.98609448
40.72766796 -73.99410076 40.73297324 -73.98609448
40.73827852 -73.99410076 40.7435838 -73.98609448
40.72766796 -74.00210704 40.73297324 -73.99410076
40.74888908 -73.9780882 40.75419436 -73.97008192
40.75419436 -73.9780882 40.75949964 -73.97008192
40.75949964 -73.99410076 40.76480492 -73.98609448
40.7435838 -73.98609448 40.74888908 -73.9780882
40.73827852 -74.01011332 40.7435838 -74.00210704
40.7170574 -73.99410076 40.72236268 -73.98609448
40.74888908 -73.98609448 40.75419436 -73.9780882
40.7170574 -74.00210704 40.72236268 -73.99410076
40.76480492 -73.98609448 40.7701102 -73.9780882
40.72236268 -73.99410076 40.72766796 -73.98609448
40.70644684 -74.01011332 40.71175212 -74.00210704
40.72236268 -73.98609448 40.72766796 -73.9780882
40.72766796 -73.98609448 40.73297324 -73.9780882
40.7435838 -74.00210704 40.74888908 -73.99410076
40.73827852 -73.98609448 40.7435838 -73.9780882
40.73297324 -74.00210704 40.73827852 -73.99410076
40.71175212 -74.01011332 40.7170574 -74.00210704
40.74888908 -74.00210704 40.75419436 -73.99410076
40.72236268 -74.01011332 40.72766796 -74.00210704
40.75419436 -74.00210704 40.75949964 -73.99410076
40.70644684 -74.0181196 40.71175212 -74.01011332
40.73297324 -74.01011332 40.73827852 -74.00210704
40.71175212 -74.00210704 40.7170574 -73.99410076
40.73827852 -74.00210704 40.7435838 -73.99410076
40.75419436 -73.97008192 40.75949964 -73.96207564
40.72766796 -74.01011332 40.73297324 -74.00210704
40.76480492 -73.99410076 40.7701102 -73.98609448
40.7701102 -73.98609448 40.77541548 -73.9780882
40.75949964 -73.97008192 40.76480492 -73.96207564
40.78072076 -73.9780882 40.78602604 -73.97008192
40.7170574 -73.96207564 40.72236268 -73.95406936
40.7170574 -74.01011332 40.72236268 -74.00210704
40.70114156 -74.0181196 40.70644684 -74.01011332
40.7435838 -74.01011332 40.74888908 -74.00210704
40.75949964 -74.00210704 40.76480492 -73.99410076
40.7701102 -73.87400656 40.77541548 -73.86600028
40.71175212 -73.96207564 40.7170574 -73.95406936
40.7170574 -73.98609448 40.72236268 -73.9780882
40.7435838 -73.9780882 40.74888908 -73.97008192
40.78602604 -74.0181196 40.79133132 -74.01011332
40.71175212 -74.0181196 40.7170574 -74.01011332
40.72236268 -73.9780882 40.72766796 -73.97008192
40.70114156 -73.99410076 40.70644684 -73.98609448
40.77541548 -73.95406936 40.78072076 -73.94606308
40.7701102 -73.96207564 40.77541548 -73.95406936
40.77541548 -73.97008192 40.78072076 -73.96207564
40.77541548 -73.98609448 40.78072076 -73.9780882
40.78602604 -73.95406936 40.79133132 -73.94606308
40.690531 -73.99410076 40.69583628 -73.98609448
40.80194188 -73.97008192 40.80724716 -73.96207564
40.78602604 -73.9780882 40.79133132 -73.97008192
40.74888908 -74.01011332 40.75419436 -74.00210704
40.76480492 -73.96207564 40.7701102 -73.95406936
40.69583628 -73.99410076 40.70114156 -73.98609448
40.80724716 -73.94606308 40.81255244 -73.9380568
40.73297324 -73.98609448 40.73827852 -73.9780882
40.80194188 -73.95406936 40.80724716 -73.94606308
40.78072076 -73.95406936 40.78602604 -73.94606308
40.77541548 -73.96207564 40.78072076 -73.95406936
40.7701102 -73.95406936 40.77541548 -73.94606308
40.7966366 -73.97008192 40.80194188 -73.96207564
40.76480492 -73.97008192 40.7701102 -73.96207564
40.81785772 -73.86600028 40.823163 -73.857994
40.80724716 -73.96207564 40.81255244 -73.95406936
40.74888908 -73.97008192 40.75419436 -73.96207564
40.79133132 -74.0181196 40.7966366 -74.01011332
40.70114156 -73.93005052 40.70644684 -73.92204424
40.76480492 -73.9780882 40.7701102 -73.97008192
40.76480492 -74.03413216 40.7701102 -74.02612588
40.77541548 -74.02612588 40.78072076 -74.0181196
40.74888908 -74.05014472 40.75419436 -74.04213844
40.73297324 -73.87400656 40.73827852 -73.86600028
40.78072076 -73.98609448 40.78602604 -73.9780882
40.75949964 -73.93005052 40.76480492 -73.92204424
40.81255244 -73.94606308 40.81785772 -73.9380568
40.79133132 -74.01011332 40.7966366 -74.00210704
40.80724716 -73.95406936 40.81255244 -73.94606308
40.75419436 -74.04213844 40.75949964 -74.03413216
40.7966366 -74.01011332 40.80194188 -74.00210704
40.80724716 -73.97008192 40.81255244 -73.96207564
40.7170574 -74.058151 40.72236268 -74.05014472
40.7701102 -73.9780882 40.77541548 -73.97008192
40.80724716 -74.01011332 40.81255244 -74.00210704
40.71175212 -73.95406936 40.7170574 -73.94606308
40.78072076 -73.96207564 40.78602604 -73.95406936
40.76480492 -74.04213844 40.7701102 -74.03413216
40.78072076 -74.03413216 40.78602604 -74.02612588
40.75949964 -74.05014472 40.76480492 -74.04213844
40.7966366 -73.9380568 40.80194188 -73.93005052
40.77541548 -73.9780882 40.78072076 -73.97008192
40.7966366 -73.94606308 40.80194188 -73.9380568
40.70644684 -73.96207564 40.71175212 -73.95406936
40.7435838 -73.90603168 40.74888908 -73.8980254
40.7701102 -73.97008192 40.77541548 -73.96207564
40.81785772 -73.94606308 40.823163 -73.9380568
40.75949964 -73.92204424 40.76480492 -73.91403796
40.75949964 -73.96207564 40.76480492 -73.95406936
40.70114156 -74.01011332 40.70644684 -74.00210704
40.71175212 -73.99410076 40.7170574 -73.98609448
40.70114156 -73.9380568 40.70644684 -73.93005052
40.73297324 -74.03413216 40.73827852 -74.02612588
40.7435838 -74.05014472 40.74888908 -74.04213844
40.72766796 -74.05014472 40.73297324 -74.04213844
40.70644684 -73.95406936 40.71175212 -73.94606308
40.7966366 -73.95406936 40.80194188 -73.94606308
40.76480492 -74.00210704 40.7701102 -73.99410076
40.80194188 -73.96207564 40.80724716 -73.95406936
40.690531 -73.96207564 40.69583628 -73.95406936
40.7701102 -73.99410076 40.77541548 -73.98609448
40.76480492 -73.92204424 40.7701102 -73.91403796
40.690531 -73.98609448 40.69583628 -73.9780882
40.73297324 -74.058151 40.73827852 -74.05014472
40.7701102 -74.04213844 40.77541548 -74.03413216
40.81785772 -73.91403796 40.823163 -73.90603168
40.78072076 -74.02612588 40.78602604 -74.0181196
40.7966366 -73.96207564 40.80194188 -73.95406936
40.81785772 -73.95406936 40.823163 -73.94606308
40.75419436 -73.93005052 40.75949964 -73.92204424
40.7435838 -73.8980254 40.74888908 -73.89001912
40.73827852 -74.03413216 40.7435838 -74.02612588
40.79133132 -73.9780882 40.7966366 -73.97008192
40.72236268 -73.95406936 40.72766796 -73.94606308
40.72236268 -74.04213844 40.72766796 -74.03413216
40.7966366 -73.9780882 40.80194188 -73.97008192
40.81255244 -73.95406936 40.81785772 -73.94606308
40.71175212 -73.97008192 40.7170574 -73.96207564
40.7701102 -74.03413216 40.77541548 -74.02612588
40.80724716 -73.92204424 40.81255244 -73.91403796
40.81785772 -73.92204424 40.823163 -73.91403796
40.690531 -73.95406936 40.69583628 -73.94606308
40.80194188 -73.94606308 40.80724716 -73.9380568
40.74888908 -73.87400656 40.75419436 -73.86600028
40.75419436 -73.92204424 40.75949964 -73.91403796
40.73827852 -74.05014472 40.7435838 -74.04213844
40.7701102 -73.86600028 40.77541548 -73.857994
40.7170574 -74.0181196 40.72236268 -74.01011332
40.70644684 -73.97008192 40.71175212 -73.96207564
40.71175212 -73.94606308 40.7170574 -73.9380568
40.69583628 -73.92204424 40.70114156 -73.91403796
40.76480492 -73.86600028 40.7701102 -73.857994
40.70114156 -74.00210704 40.70644684 -73.99410076
40.81785772 -73.96207564 40.823163 -73.95406936
40.73297324 -73.9780882 40.73827852 -73.97008192
40.690531 -73.97008192 40.69583628 -73.96207564
40.76480492 -73.91403796 40.7701102 -73.90603168
40.79133132 -73.94606308 40.7966366 -73.9380568
40.7701102 -74.02612588 40.77541548 -74.0181196
40.73827852 -73.9780882 40.7435838 -73.97008192
40.7435838 -73.89001912 40.74888908 -73.88201284
40.80194188 -73.93005052 40.80724716 -73.92204424
40.70114156 -73.88201284 40.70644684 -73.87400656
40.78602604 -73.94606308 40.79133132 -73.9380568
40.7435838 -73.91403796 40.74888908 -73.90603168
40.81785772 -73.8980254 40.823163 -73.89001912
40.69583628 -73.9380568 40.70114156 -73.93005052
40.80724716 -73.93005052 40.81255244 -73.92204424
40.73827852 -74.04213844 40.7435838 -74.03413216
40.78602604 -74.01011332 40.79133132 -74.00210704
40.74888908 -74.058151 40.75419436 -74.05014472
40.78602604 -74.02612588 40.79133132 -74.0181196
40.71175212 -74.04213844 40.7170574 -74.03413216
40.7170574 -73.97008192 40.72236268 -73.96207564
40.7170574 -74.05014472 40.72236268 -74.04213844
40.75419436 -74.05014472 40.75949964 -74.04213844
40.7435838 -73.9380568 40.74888908 -73.93005052
40.74888908 -73.94606308 40.75419436 -73.9380568
40.81255244 -73.96207564 40.81785772 -73.95406936
40.70644684 -73.94606308 40.71175212 -73.9380568
40.690531 -74.00210704 40.69583628 -73.99410076
40.69583628 -73.96207564 40.70114156 -73.95406936
40.78072076 -74.0181196 40.78602604 -74.01011332
40.7701102 -73.91403796 40.77541548 -73.90603168
40.74888908 -73.9380568 40.75419436 -73.93005052
40.75419436 -73.9380568 40.75949964 -73.93005052
40.79133132 -73.97008192 40.7966366 -73.96207564
40.72766796 -73.9780882 40.73297324 -73.97008192
40.7435838 -73.92204424 40.74888908 -73.91403796